0.9293279227040118,0.4355303962114992,0.35438128701896987,0.2657936145466406,0.3911071271787348,0.6056403678664498,0.5752232820453087,0.46264319907781054,0.5133202769621549,0.48901208810489544,0.3823001049296735,0.36462818229174365,0.4446486563938442,0.5493794370149918,
1.689356226740004E-5,1.689356226740004E-5,0.06320137776071803,1.689356226740004E-5,0.19390145028538153,2.75705065810411E-4,0.33032229844026023,1.463347758568031E-4,5.258606982072925E-4,0.0018256614366321756,0.006216881809901199,0.022279097784681335,0.11914277689292808,0.26211187436282085,
0.02624112217692669,0.16102779015939064,0.05136922469258525,0.011386961367695918,0.0833382370343351,0.0635445827612797,0.006291045684744853,5.745050488770255E-4,0.036356976684783375,0.03759159642779199,0.23480784629884777,0.01676668805004813,0.07278560538357436,0.1979178182291192,
0.08213450084719348,0.17144477393888766,0.0018747382724715663,3.589127556719232E-4,3.2203159617004857E-4,0.059213896012947534,0.025299007604460345,0.07910065930590987,0.03084527589861535,0.026185881155209298,0.10327265923706837,0.046330437361490596,0.1919298926963069,0.18168733331759726,
0.054892518861992805,0.07216833394699945,0.052058178595045794,0.0787359290867264,0.005187571314164725,0.055876885287990175,0.01698106447230771,0.017582242580691944,0.01183311646100674,0.10142252203494108,0.009187197411143235,0.11656048551828793,0.23282247444637208,0.17469147998232998,
0.23666190017778183,0.0010533729652902487,0.0027979258864531662,0.00322164130985775,0.0011487467233760962,0.01778566563491497,0.060539507514703585,0.003060467261242131,0.23883754488928316,0.0019381432764343644,0.004879278007679167,0.12117188424424136,0.06915419957520971,0.2377497225335325,
0.08107855953083691,0.02331259472450724,0.011117722602285178,0.07446447982527245,0.07523758058582894,0.04191940177643128,0.053350438628843526,0.014874721665256697,0.026997896916079532,0.18331555066478292,0.09640698005810466,0.05073121982330979,0.11702338524404636,0.15016946795441463,
0.1265742740448136,0.06280777256706531,0.025139619254967976,0.0013179347946314147,0.08233731704583559,0.039212265525112915,0.07062024224747929,0.11449072064847189,0.0793044471613923,0.060180627554770924,0.024964605304401578,0.1289593949874545,0.05632394434746855,0.12776683451613405,
0.10348862716641823,0.09313046253525178,0.02989951660225104,0.08560439619235342,0.001110954305953555,9.90228672000363E-4,0.00975197936057932,0.17688074965911724,0.01659963423661434,0.002087745669314028,0.004647648455087086,0.09786574965756685,0.1930012884386228,0.18494101904887003,
0.08675453676390081,2.968954843277032E-4,0.37219179164053123,1.397502276443321E-4,0.021750249349728936,2.1966509536636185E-4,0.007133956873724706,0.09695303281074659,4.941014240551929E-4,0.0019570390994472333,0.006685778737790432,0.09700893069166495,0.07381391063497356,0.23460036116609806,
0.04911385808106197,0.05801212318692069,0.1217565809524439,0.002894857024227521,0.030895635306438796,0.07923349411780632,0.12166044894462685,0.016858883863527605,0.02779377500748088,0.17115842448396823,0.017892612400851743,0.04927809292254915,0.10699371098989043,0.14645750271820607,
7.76721312290801E-4,0.006185126366163973,0.012255665546928116,0.1658400141838726,0.08359830976182696,0.016276090314072036,0.021364405256342183,0.17453849774518604,5.661372175587114E-4,0.038948914013085235,0.07263753445935638,0.15839862053593867,0.0784247073228489,0.1701892559645293,
2.587259077468472E-4,0.1712943353192498,0.08249039524633195,0.003435769227208376,0.01074132463167356,0.009224720297192705,0.0020441010289484907,1.9240461871878212E-4,0.15011295352331788,0.0022069414992376577,0.06594650366846803,0.20386512442986518,0.11060697072748317,0.1875797298745575,
9.133204615973532E-4,0.07822830413457744,0.1310154958889534,0.001657423450797701,0.001657423450797701,0.1605204978590982,0.06918046855177831,0.027140490449339232,0.09207979289917707,0.052376269020511484,0.15572942981074436,0.017467900530561332,0.053908219657145186,0.15812496383492128,
0.07656957434160105,0.11149224976684177,0.04979093150920849,0.0240861488406152,0.05356900768540754,0.0020336086300026166,0.029217720791908635,0.279631082585552,0.0031677521282017975,0.012960667209788914,0.004733776280563017,0.0671651351223895,0.09002067893172261,0.19556166617619689,
6